CTL	CAG	BA	ANR	ANA	AIFR	WFA
11.411564	10.565495	1.402849	1.304705	163.748610	3.303598	67.675108
8.517037	11.450898	0.837762	1.855078	170.597532	2.152878	74.236913
12.659901	10.332872	0.753057	1.086095	139.811589	3.021710	63.327839
11.033386	13.826787	1.171455	1.821365	159.152072	3.177417	75.345356
9.040219	10.820221	1.428566	1.257874	170.894125	3.019864	61.617112
9.574050	11.395442	1.141467	1.244159	166.316045	3.201296	67.418218
9.327466	12.039588	1.269236	1.138666	151.907373	2.225173	72.454242
12.444333	12.623879	1.305067	1.077756	132.777279	3.310526	65.134295
10.572328	12.845298	1.001015	1.129819	178.901807	2.402890	61.406319
9.880935	12.649379	0.857827	1.390535	143.679913	2.975479	64.918830
8.439540	14.377025	1.405516	1.879211	160.475782	3.849470	62.532197
8.718314	11.129270	0.805452	1.726163	149.844004	2.903188	61.772083
11.833634	11.649372	1.396809	1.827509	168.623033	2.339294	64.061347
10.357478	13.291296	1.187865	1.540157	146.531544	3.982347	63.036177
9.151320	11.582008	1.086809	1.570479	156.342250	2.813561	66.602666
9.932977	14.432818	1.379007	1.246336	144.921086	3.831638	73.645435
8.976217	13.996441	0.999390	1.039057	140.654924	2.867915	75.180115
8.593010	12.431779	1.166822	1.171536	134.692346	3.284635	72.854885
11.785035	11.691740	1.288633	1.351365	159.924170	2.644084	70.859377
8.452632	12.250600	1.492240	1.220723	167.005558	2.859321	66.922364
10.908614	12.156319	0.730704	1.965568	167.558130	3.928262	69.657491
11.107908	13.615771	0.832217	1.702423	149.154580	2.957170	68.573991
11.131716	14.463482	1.132294	1.413426	135.244462	3.639979	65.523852
9.461721	13.637467	0.995270	1.673594	135.981720	2.086770	73.082673
12.612578	13.042140	1.375192	1.899581	148.910546	2.535389	74.283970
12.467365	11.206671	1.469469	1.062492	173.197483	2.001421	69.556156
12.510785	13.099033	1.115639	1.184699	170.417957	3.733583	73.881387
8.904807	10.714014	0.813433	1.032203	134.497891	2.457783	67.909260
12.774888	13.731472	1.036234	1.231845	171.132947	3.412527	60.757892
12.343077	12.283409	0.847604	1.069566	157.495571	2.372691	67.571130
9.760594	13.223091	0.827058	1.883264	155.522081	3.554920	71.764610
9.093351	11.337573	0.891874	1.949765	147.663966	3.186295	72.194193
9.732565	12.496836	1.284586	1.666586	164.916992	3.449752	60.057116
9.005986	10.208910	0.959047	1.504891	160.656945	3.241384	62.272482
10.735212	14.581822	1.248908	1.786853	150.351418	3.100968	64.165784
12.316690	14.150822	0.781950	1.749537	139.508951	2.516251	65.864765
8.311788	10.324125	0.767411	1.235264	178.358469	2.257615	68.448614
11.463638	12.206424	1.183223	1.395422	175.466547	2.187658	63.781626
8.361821	12.457827	0.931483	1.914267	140.349411	2.248731	64.857497
10.086559	13.688336	1.055771	1.017219	154.893537	2.731129	63.904744
11.479869	14.310499	0.909681	1.080646	161.889152	3.329501	72.766185
11.541354	14.206152	0.968317	1.888720	133.770465	3.666941	73.581035
10.816223	13.422076	1.498706	1.837726	141.681097	3.036494	69.953138
10.437725	10.123324	1.336707	1.527506	169.802917	3.780247	73.762093
12.006582	10.862220	1.063095	1.483693	138.911312	2.754526	63.528741
9.191565	13.933905	0.840872	1.293089	161.506896	2.019956	66.487317
10.857062	11.872095	1.104324	1.457117	158.374059	3.000459	60.813861
8.882651	11.904102	1.354696	1.917832	139.111225	3.743149	73.162151
11.311650	12.588568	0.938802	1.209105	133.173625	2.068873	62.994281
8.570472	13.789180	1.217647	1.277755	148.724577	2.540564	62.770884
12.168973	14.198837	1.440520	1.432133	157.159278	2.281170	61.674140
8.672739	14.288770	1.419515	1.903556	156.562071	2.991353	69.090563
11.552676	14.359091	1.191249	1.563437	167.265116	2.422044	62.939081
12.056263	14.968524	1.098515	1.920322	156.846434	2.107143	74.427472
12.106273	10.093729	1.051261	1.270744	165.226755	2.723754	64.650286
12.683128	12.178031	1.028467	1.585938	160.191161	3.373401	73.351336
10.064868	10.729345	1.483987	1.943647	164.281191	2.743190	75.237435
10.136863	11.946425	1.433080	1.379980	178.561193	3.659370	60.563835
11.296481	12.822554	0.906945	1.266936	174.626601	2.961791	64.999098
9.071699	14.563423	1.257788	1.770922	175.185755	3.298819	69.896515
9.834502	13.524107	1.117650	1.579449	162.594603	2.217147	62.443487
12.364264	10.646751	1.206754	1.655788	131.565255	3.359802	71.408650
12.713795	11.243884	1.479879	1.633513	166.237376	3.957758	71.864215
12.212446	13.853527	0.777351	1.492692	179.419705	2.937228	75.024897
8.477075	10.435935	1.247174	1.569822	161.414814	2.633070	64.272256
10.781070	12.411264	1.238227	1.117114	146.151093	3.451293	74.150732
10.536879	10.537580	1.005252	1.340055	153.261087	3.343322	70.220539
10.612151	13.435896	0.934505	1.004339	136.792363	3.934120	70.411435
11.731847	10.681019	1.162610	1.189008	159.388972	3.977627	62.353704
10.673586	13.589465	0.902137	1.192287	152.676625	3.274400	60.909857
12.404618	12.920008	1.047134	1.990699	168.063182	2.387998	71.208300
10.393250	11.761355	1.124260	1.048905	155.844424	3.591962	68.627108
11.224106	11.053865	1.412564	1.740235	152.982857	2.668595	65.481336
10.175194	14.783320	0.881485	1.736934	169.144782	3.258631	74.039539
12.976400	14.625491	1.069896	1.760685	156.092857	3.110499	63.192275
10.244469	14.840027	0.822866	1.213692	137.836080	3.430216	62.029816
12.086809	11.401344	1.266727	1.162234	147.444960	3.330899	61.852954
11.615282	14.274202	1.252537	1.310946	164.043912	2.313827	75.072879
10.876380	10.283007	1.370107	1.114860	158.920226	2.270780	60.269477
10.586230	11.309252	1.297809	1.322390	154.609910	2.949293	73.554910
10.278342	10.052213	0.984487	1.934461	176.447476	3.514910	64.786219
10.756767	11.094504	0.801220	1.025800	155.297620	3.579469	67.003840
10.514542	10.498457	1.231435	1.893716	177.185889	3.077333	68.115355
10.459494	12.330382	0.726161	1.709188	138.237802	2.606762	72.922981
10.935318	13.225473	1.392534	1.308668	173.407196	2.588834	70.664693
10.044440	12.066725	0.712083	1.426072	162.389594	3.155309	70.090333
10.112081	10.515223	1.278159	1.982036	136.297934	2.880371	65.749035
11.925749	14.046587	1.452512	1.107196	145.787489	2.829954	72.084595
11.261479	11.538915	1.233817	1.416777	145.211738	3.700419	67.631224
9.904830	14.234059	0.924858	1.365503	171.500850	2.175764	70.709174
12.819493	11.268718	1.019477	1.843656	134.819027	3.877088	61.290910
11.582347	14.413125	1.348840	1.141805	176.999520	3.906666	68.923456
10.166342	11.512345	1.425218	1.684097	131.847238	3.400377	63.859618
11.998847	13.380098	1.464007	1.699373	177.821180	3.080204	64.262000
8.966610	14.610765	0.711040	1.812523	130.415227	3.211919	67.245450
9.382917	13.454433	1.110403	1.318435	153.095742	2.195511	67.508157
8.538443	12.724531	0.747981	1.357173	132.151060	3.868540	61.183139
12.241797	14.978316	1.457279	1.011239	151.006877	3.524590	62.796976
12.727755	10.133503	0.977949	1.103902	162.002768	2.560911	71.473720
8.274555	13.259069	1.295915	1.734573	179.196038	2.350772	73.978451
12.176548	12.775207	0.945756	1.847208	164.509408	3.233202	70.321276
10.839539	14.864917	1.022429	1.178886	174.405240	2.111364	71.378647
8.190280	12.945422	1.056306	1.809250	133.726792	3.143378	66.074493
8.117673	14.801021	1.158842	1.298857	134.137685	2.809254	60.139904
12.904618	13.751857	1.346145	1.346261	138.300600	3.199491	64.476895
9.622173	13.808943	1.461314	1.507948	157.860587	2.697723	69.340674
9.988199	12.878755	1.329513	1.604818	147.002768	2.489281	62.158106
11.638209	10.401385	0.850297	1.792131	143.832771	3.503830	60.467746
11.376523	10.950590	1.155970	1.073445	131.171510	2.625519	74.580559
12.033840	10.391000	1.121239	1.545581	145.505557	3.821587	69.474409
12.489160	13.113640	1.340523	1.779294	142.157816	3.045444	60.415049
11.003145	11.429284	0.792727	1.227117	141.771985	3.138331	70.802557
9.114544	14.078144	1.138946	1.929369	154.316775	3.587898	61.387856
9.777333	12.084061	1.445238	1.972411	155.197588	2.478140	71.632744
12.598908	13.896033	0.951471	1.959331	160.934086	3.618095	66.725837
8.778549	14.146604	0.721777	1.097885	165.877842	3.646711	64.568447
8.742750	10.197897	1.083828	1.693689	142.701297	3.605610	71.973584
11.772396	12.303384	1.448326	1.782057	136.502336	2.683720	68.857757
8.054598	13.658041	1.318411	1.639166	144.334071	3.369403	70.965972
12.974628	12.510372	0.791688	1.150441	150.737156	2.230306	74.365147
11.091119	13.908219	1.323377	1.938307	132.556339	2.265275	61.533564
8.012640	11.021897	1.335648	1.406895	152.307086	2.434703	69.283191
9.512105	10.621513	0.798503	1.798702	150.219000	3.891187	70.007602
10.975478	10.840892	0.831288	1.361890	170.125010	2.575912	61.052776
12.929954	10.895539	1.390612	1.596526	159.657655	2.877974	68.023352
8.807945	14.102233	1.199888	1.581080	174.048907	3.883670	72.136882
12.252991	14.702763	1.260834	1.853696	142.750216	2.893660	72.388840
9.315562	11.489180	1.437999	1.552315	132.468147	3.543817	74.839678
10.691102	14.906920	1.423323	1.557729	130.045298	2.410322	66.839440
8.230450	11.702803	0.757928	1.978711	176.004839	2.614066	61.155152
10.257432	14.680878	1.326919	1.094468	179.668703	2.704410	65.676461
11.899297	13.004734	0.771816	1.380580	147.985327	3.793907	74.747719
11.671828	10.265048	1.358146	1.475277	135.370332	2.147169	73.826421
12.777696	14.074851	1.240659	1.618428	141.237463	2.041526	68.361329
12.127823	11.039811	0.869692	1.283597	179.878022	3.670508	72.584274
9.589733	10.046125	1.301556	1.198019	140.115963	3.806642	63.475361
8.295632	12.958647	1.490420	1.466624	143.293317	3.714309	66.245591
11.511025	12.245057	0.879828	1.607167	137.301477	3.225788	69.210245
11.054531	12.860015	1.041002	1.516123	150.855433	3.685859	72.644657
9.298468	13.367287	1.024622	1.752795	171.478305	2.790305	61.002629
9.870041	10.931870	1.209545	1.020594	175.635479	3.127838	73.182764
10.213409	11.848637	0.963065	1.719767	174.912868	2.077344	67.171633
9.262326	11.883227	1.382279	1.148984	133.271732	2.523642	60.166073
11.360104	12.562946	1.310461	1.759917	166.611499	3.498253	75.338701
12.286026	11.189052	0.897244	1.325596	146.332742	2.342667	66.041189
10.627271	10.020674	1.194758	1.830224	143.126471	2.202603	70.304069
8.757902	12.753772	1.410726	1.370452	158.242862	2.028824	72.960428
10.700889	13.701279	1.281482	1.620368	177.697434	3.914850	65.917800
8.694299	10.468732	1.077446	1.677335	176.586478	2.462530	73.431722
9.137951	10.575494	0.953960	1.440637	130.811786	2.926998	70.493230
10.335273	13.485152	0.786196	1.960324	161.223911	2.366967	63.712909
9.224922	11.170607	1.364307	1.803249	172.636902	3.422143	63.158763
8.216560	14.891736	1.066218	1.422687	149.352788	3.474044	69.831505
12.528248	11.748763	1.129506	1.435234	178.178830	3.694635	65.360431
12.557879	10.795226	1.101493	1.950852	173.564147	2.915723	61.998855
11.808010	14.004259	0.808159	1.685576	175.868317	2.838781	69.385791
8.128242	11.802366	1.221758	1.120676	168.896312	3.165621	70.595720
9.490323	12.361586	1.215239	1.869774	148.246486	2.095008	65.292742
11.344411	11.776668	1.008983	1.252231	151.723517	3.095109	75.443932
12.634798	11.952680	1.091298	1.203237	141.291268	2.391852	68.727686
9.449999	12.732858	1.150140	1.497083	177.285344	2.848059	71.551700
8.091647	12.990944	0.918679	1.473195	169.500791	3.396297	65.597728
8.378273	13.166569	0.737428	1.330124	139.456983	2.783395	71.034026
11.712010	13.336631	1.485876	1.285468	137.199088	3.567195	71.307057
11.195270	10.909097	0.749502	1.640996	171.865330	3.485820	63.348898
9.801222	14.674648	0.734709	1.613692	173.895311	3.754239	68.223292
8.403059	12.135249	0.923962	1.531596	148.417858	3.264990	63.566699
9.356433	11.996227	0.860372	1.056879	172.921104	3.858676	64.389927
9.673575	11.660628	0.742971	1.158368	163.251974	3.053943	74.521110
9.630626	12.698232	1.144904	1.654590	165.439100	2.551246	68.188003
9.724375	10.233744	0.885706	1.819685	146.957137	2.778682	74.686832
8.341812	10.987601	1.363195	1.050575	153.727763	3.625093	66.388221
9.684752	14.541429	1.032970	1.043215	142.352745	2.989685	65.204126
11.443335	12.668154	1.179983	1.908029	172.469766	3.386511	66.179194
10.418012	13.324355	0.702452	1.449734	153.865632	2.446056	72.273224
8.865890	13.548475	1.315555	1.167566	168.423823	3.534436	67.358657
11.906132	11.618568	0.761441	1.486013	145.300474	2.059439	65.050392
9.961401	11.351425	1.074977	1.335894	130.546555	2.294590	69.692134
10.020644	13.133577	1.094501	1.996170	136.082843	3.817137	67.805715
9.416500	14.727482	0.943169	1.513995	144.001954	2.321663	60.377438
12.880792	12.390858	1.225964	1.461262	172.211154	2.712168	66.579708
8.150284	11.295817	1.012793	1.710043	162.918731	3.728546	68.428691
11.241511	14.484706	0.772770	1.660013	152.059272	2.768412	62.631729
9.230588	14.334864	1.385477	1.452375	163.159837	3.064998	71.123945
8.617976	10.665255	1.473230	1.626904	138.687085	2.034200	64.633076
12.825583	14.760089	0.852307	1.403227	165.672447	3.778761	66.305980
11.150729	11.565183	0.990466	1.645758	149.723547	2.165917	62.700870
8.028372	10.366216	0.967616	1.387935	158.681931	3.969143	74.927896
11.872409	12.001771	1.274337	1.989973	151.257187	3.944291	67.123423
12.862805	10.160068	0.817737	1.769994	154.217437	2.300223	68.772059
10.974556	10.752089	0.893757	1.872880	135.546783	2.498349	66.746663
10.319768	13.970122	1.175700	1.130189	137.714590	2.651400	69.020654
10.492810	11.105086	0.913085	1.591222	166.792053	2.679932	72.549258
12.386568	13.559776	0.718488	1.536086	131.331891	3.465577	71.796090
8.840260	13.052172	1.203978	1.006131	163.902526	2.137932	62.202300
11.971867	13.178351	0.705499	1.522952	169.424561	2.127544	61.874084
9.529068	12.122757	0.973721	1.262287	140.780024	3.998252	63.953128
8.632204	14.507562	0.866282	1.216449	144.523433	2.503008	73.316119
11.676087	12.535636	0.874405	1.724804	157.596905	3.767364	60.646824
8.934736	14.941378	0.982137	1.864001	167.819721	2.598345	67.868393
